# 相机内参
camera_matrix:
  rows: 3
  cols: 3
  data: [1413.61372, 0.0, 928.151939,
         0.0, 1410.14663, 550.316444,
         0.0, 0.0, 1.0]

# 畸变系数
distortion_coefficients:
  rows: 1
  cols: 5
  data: [0.1990143, -0.65770062, 0.00158559, -0.00169318, 0.75776742]

# 重投影误差 (平均)
reprojection_error: 0.09139561971839041

# 相机到基座的变换矩阵
camera_to_base_matrix:
  rows: 4
  cols: 4
  data: [0.07421911, -0.25623659,  0.96376052, -0.12782004,
         -0.99412814, -0.0953223 ,  0.05121422,  0.02819953,
          0.07874491, -0.96190252, -0.26180674,  0.5036954,
          0.0,         0.0,         0.0,         1.0]